# This file may be used to create an environment using:
# $ conda create --name <env> --file <this file>
# platform: win-64
absl-py=0.13.0=pypi_0
attrs=21.2.0=pypi_0
blas=1.0=mkl
bottleneck=1.3.2=py38h2a96729_1
ca-certificates=2021.7.5=haa95532_1
certifi=2021.5.30=py38haa95532_0
comtypes=1.1.10=pypi_0
cycler=0.10.0=pypi_0
enum34=1.1.10=pypi_0
future=0.18.2=pypi_0
hdf5=1.10.4=h7ebc959_0
icc_rt=2019.0.0=h0cc432a_1
intel-openmp=2021.3.0=haa95532_3372
jpeg=9b=hb83a4c4_2
kiwisolver=1.3.1=pypi_0
libopencv=4.0.1=hbb9e17c_0
libpng=1.6.37=h2a8f88b_0
libtiff=4.2.0=hd0e1b90_0
lz4-c=1.9.3=h2bbff1b_0
matplotlib=3.4.2=pypi_0
mediapipe=0.8.6=pypi_0
mkl=2021.3.0=haa95532_524
mkl-service=2.4.0=py38h2bbff1b_0
mkl_fft=1.3.0=py38h277e83a_2
mkl_random=1.2.2=py38hf11a4ad_0
numexpr=2.7.3=py38hb80d3ca_1
numpy=1.20.3=py38ha4e8547_0
numpy-base=1.20.3=py38hc2deb75_0
opencv=4.0.1=py38h2a7c758_0
opencv-contrib-python=4.5.3.56=pypi_0
opencv-python=4.5.3.56=pypi_0
openssl=1.1.1k=h2bbff1b_0
pandas=1.3.0=py38hd77b12b_0
pillow=8.3.1=pypi_0
pip=21.1.3=py38haa95532_0
protobuf=3.17.3=pypi_0
psutil=5.8.0=pypi_0
py-opencv=4.0.1=py38he44ac1e_0
pycaw=20181226=pypi_0
pyparsing=2.4.7=pypi_0
python=3.8.10=hdbf39b2_7
python-dateutil=2.8.2=pyhd3eb1b0_0
python-vlc=3.0.12118=pypi_0
pytz=2021.1=pyhd3eb1b0_0
setuptools=52.0.0=py38haa95532_0
six=1.16.0=pyhd3eb1b0_0
sqlite=3.36.0=h2bbff1b_0
vc=14.2=h21ff451_1
vs2015_runtime=14.27.29016=h5e58377_2
wheel=0.36.2=pyhd3eb1b0_0
wincertstore=0.2=py38_0
xz=5.2.5=h62dcd97_0
zlib=1.2.11=h62dcd97_4
zstd=1.4.9=h19a0ad4_0
